  QueueTimes | ServiceTimes | SojournTimes

       0.554 |        6.143 |        6.696
       1.847 |        7.584 |        9.431
       1.679 |        6.276 |        7.955
       2.341 |        7.004 |        9.345
       0.542 |        6.822 |        7.364
       0.014 |        7.762 |        7.776
       0.014 |        8.716 |        8.730
       2.778 |        6.175 |        8.953
       0.016 |        6.097 |        6.113
       0.698 |        8.097 |        8.795
       3.059 |        7.805 |       10.864
       4.103 |        7.462 |       11.565
       3.426 |        6.463 |        9.889
       3.083 |        6.458 |        9.541
       3.844 |        6.526 |       10.370
       3.444 |        6.120 |        9.565
       1.654 |        7.939 |        9.593
       0.013 |        6.461 |        6.474
       1.731 |        6.052 |        7.783
       1.341 |        6.023 |        7.364
       1.912 |        8.289 |       10.201
       3.046 |        6.126 |        9.172
       4.680 |        6.033 |       10.713
       4.127 |        6.036 |       10.163
       0.014 |        6.093 |        6.107
       0.016 |        8.086 |        8.102
       1.412 |        6.077 |        7.490
       0.016 |        6.327 |        6.343
       0.014 |        6.246 |        6.260
       1.074 |        6.245 |        7.318
       0.636 |        6.153 |        6.789
       0.523 |        9.265 |        9.789
       0.015 |        6.339 |        6.353
       0.156 |        6.307 |        6.463
       0.016 |        7.081 |        7.097
       1.353 |        5.913 |        7.266
       0.016 |        6.315 |        6.331
       0.014 |        8.268 |        8.282
       0.920 |        7.169 |        8.088
       2.606 |        7.112 |        9.717
       0.439 |        6.132 |        6.570
       0.325 |        7.360 |        7.685
       0.013 |        5.938 |        5.952
       0.016 |        7.030 |        7.046
       1.159 |        6.546 |        7.705
       1.076 |        6.518 |        7.594
       1.675 |        6.512 |        8.187
       1.523 |        6.424 |        7.946
       2.249 |        8.747 |       10.996
       1.413 |        6.155 |        7.568
       0.013 |        6.129 |        6.143
       0.014 |        7.042 |        7.056
       1.020 |        6.955 |        7.975
       0.224 |        6.356 |        6.580
       1.112 |        6.917 |        8.029
       2.469 |        7.939 |       10.408
       3.667 |        6.403 |       10.070
       4.280 |        6.245 |       10.525
       2.356 |        6.101 |        8.457
       3.338 |        7.662 |       11.001
       5.498 |        6.188 |       11.686
       0.014 |        6.323 |        6.337
       0.632 |        7.015 |        7.647
       2.172 |        5.772 |        7.944
       0.016 |        7.622 |        7.638
       1.963 |        6.010 |        7.973
       2.099 |        6.472 |        8.571
       2.394 |        7.855 |       10.250
       2.783 |        6.343 |        9.126
       0.016 |        7.175 |        7.191
       0.015 |        7.493 |        7.508
       0.015 |        6.721 |        6.736
       0.014 |        7.413 |        7.427
       1.189 |        6.523 |        7.712
       0.053 |        6.035 |        6.088
       0.016 |        7.399 |        7.415
       0.014 |        6.019 |        6.033
       0.014 |        6.580 |        6.593
       0.887 |        7.247 |        8.133
       0.013 |        8.677 |        8.690
       0.015 |        6.142 |        6.157
       0.142 |        6.212 |        6.354
       0.013 |        6.332 |        6.346
       0.016 |        6.271 |        6.287
       0.281 |        6.173 |        6.454
       0.016 |        6.768 |        6.784
       1.501 |        8.051 |        9.552
       3.362 |        5.904 |        9.266
       3.672 |        6.940 |       10.612
       3.286 |        6.442 |        9.728
       2.669 |        7.334 |       10.003
       1.232 |        6.238 |        7.470
       0.014 |        6.396 |        6.410
       0.016 |        7.750 |        7.766
       0.015 |        6.468 |        6.483
       0.014 |        6.689 |        6.703
       0.016 |        6.985 |        7.001
       0.016 |        6.268 |        6.283
       0.430 |        6.545 |        6.976
       0.988 |        6.916 |        7.904
       0.013 |        6.302 |        6.315
       0.070 |        9.032 |        9.102
       0.013 |        6.287 |        6.300
       0.016 |        7.889 |        7.905
       1.782 |        8.079 |        9.861
       4.163 |        7.279 |       11.442
       5.088 |        6.566 |       11.654
       4.738 |        7.538 |       12.276
       4.196 |        7.021 |       11.217
       1.717 |        6.235 |        7.953
       0.949 |        9.276 |       10.225
       1.599 |        6.067 |        7.666
       0.016 |        7.160 |        7.176
       0.726 |        6.228 |        6.954
       0.016 |        8.046 |        8.062
       1.612 |        8.359 |        9.971
       2.393 |        7.711 |       10.105
       3.925 |        6.111 |       10.036
       0.016 |        6.498 |        6.514
       0.016 |        6.732 |        6.748
       0.015 |        6.035 |        6.050
       0.014 |        6.527 |        6.541
       1.278 |        7.772 |        9.050
       0.289 |        6.033 |        6.321
       2.155 |        9.107 |       11.262
       4.553 |        6.159 |       10.712
       4.213 |        6.264 |       10.477
       3.990 |        6.530 |       10.521
       3.179 |        5.987 |        9.166
       0.966 |        7.140 |        8.106
       2.948 |        5.702 |        8.649
       2.400 |        6.847 |        9.247
       3.144 |        7.917 |       11.061
       9.731 |        8.753 |       18.484
      11.683 |        6.176 |       17.858
       3.764 |        7.134 |       10.898
       6.104 |        5.744 |       11.848
       3.140 |        5.921 |        9.061
       5.180 |        6.078 |       11.258
       3.474 |        6.162 |        9.635
       2.671 |        8.012 |       10.683
       4.985 |        6.767 |       11.752
       5.388 |        7.154 |       12.542
       1.501 |        6.489 |        7.990
       1.166 |        8.547 |        9.712
       0.014 |        8.270 |        8.284
       0.705 |        7.253 |        7.958
       2.328 |        6.205 |        8.533
       1.621 |        6.577 |        8.198
       2.681 |        6.320 |        9.002
       3.047 |        6.638 |        9.686
       4.354 |        7.372 |       11.725
       4.547 |        7.500 |       12.047
      12.190 |        5.980 |       18.170
       3.155 |        6.405 |        9.561
       3.442 |        6.443 |        9.885
       2.725 |        6.142 |        8.866
       2.038 |        6.709 |        8.747
       2.227 |        8.555 |       10.782
       4.209 |        6.650 |       10.859
       1.233 |        6.199 |        7.432
       0.016 |        6.736 |        6.753
       0.154 |        6.224 |        6.378
       0.016 |        6.013 |        6.029
       0.687 |        6.308 |        6.995
       1.159 |        6.267 |        7.426
       0.013 |        6.813 |        6.826
       1.137 |        6.243 |        7.380
       1.146 |        7.007 |        8.153
       0.987 |        7.519 |        8.506
       0.017 |        8.429 |        8.446
       2.170 |        6.802 |        8.972
       3.274 |        7.033 |       10.306
       2.354 |        6.316 |        8.670
       2.668 |        6.225 |        8.893
       3.050 |        6.669 |        9.718
       3.720 |        7.132 |       10.852
       0.619 |        6.862 |        7.480
       1.860 |        6.220 |        8.080
       2.134 |        6.559 |        8.693
       1.498 |        6.329 |        7.827
       0.016 |        6.272 |        6.288
       0.014 |        6.021 |        6.036
       0.016 |        6.071 |        6.087
       0.016 |        6.403 |        6.419
       1.194 |        6.386 |        7.580
       0.016 |        6.326 |        6.342
       0.014 |        6.067 |        6.081
       0.014 |        6.632 |        6.646
       0.012 |        6.078 |        6.090
       0.016 |        6.167 |        6.183
       0.128 |        7.168 |        7.296
       0.534 |        6.577 |        7.111
       0.407 |        5.920 |        6.327
       0.015 |        7.202 |        7.216
       0.012 |        6.106 |        6.119
       0.014 |        6.214 |        6.228
       0.012 |        6.891 |        6.903
       0.016 |        6.303 |        6.319
       0.053 |        6.837 |        6.889
       1.601 |        6.192 |        7.793
       2.346 |        6.485 |        8.831
       2.954 |        6.273 |        9.227
       4.300 |        6.022 |       10.322
       0.482 |        5.882 |        6.364
       0.014 |        5.979 |        5.994
       0.015 |        7.673 |        7.689
       1.817 |        7.957 |        9.774
       1.752 |        6.146 |        7.898
       2.100 |        6.267 |        8.368
       0.121 |        6.739 |        6.860
       0.016 |        8.228 |        8.244
       0.015 |        6.336 |        6.351
       0.595 |        6.343 |        6.939
       1.361 |        7.464 |        8.826
       0.017 |        8.238 |        8.254
       1.406 |        6.773 |        8.179
       0.578 |        6.678 |        7.256
       1.325 |        6.533 |        7.858
       0.342 |        6.135 |        6.477
       0.902 |        7.377 |        8.279
       0.017 |        7.002 |        7.018
       2.871 |        6.066 |        8.937
       0.016 |        6.780 |        6.796
       0.016 |        6.398 |        6.414
       0.016 |        6.488 |        6.504
       0.243 |        6.184 |        6.427
       0.016 |        6.300 |        6.316
       0.326 |        6.150 |        6.476
       0.016 |        8.971 |        8.987
       0.015 |        8.534 |        8.550
       0.014 |        6.130 |        6.144
       0.014 |        6.814 |        6.829
       0.262 |        7.074 |        7.335
       1.040 |        6.208 |        7.248
       0.924 |        6.272 |        7.196
       1.264 |        8.667 |        9.932
       0.382 |        6.202 |        6.584
       0.016 |        7.221 |        7.237
       0.744 |        8.601 |        9.345
       0.793 |        6.263 |        7.056
       0.584 |        6.484 |        7.068
       0.013 |        6.292 |        6.305
       0.016 |        8.214 |        8.231
       4.159 |        6.328 |       10.487
       3.717 |        6.572 |       10.289
       1.958 |        7.316 |        9.274
       3.243 |        6.310 |        9.553
       1.709 |        6.718 |        8.427
       2.658 |        6.357 |        9.014
       1.486 |        6.187 |        7.674
       2.433 |        6.251 |        8.685
       2.819 |        6.272 |        9.092
       0.416 |        6.388 |        6.804
       0.016 |        7.895 |        7.911
       0.012 |        6.013 |        6.026
       0.258 |        5.805 |        6.063
       0.016 |        6.426 |        6.442
       0.424 |        6.545 |        6.969
       1.115 |        6.935 |        8.050
       0.014 |        5.969 |        5.983
       0.013 |        7.071 |        7.083
       0.149 |        7.120 |        7.269
       0.014 |        7.470 |        7.484
       0.889 |        5.925 |        6.814
       1.425 |        7.948 |        9.373
       2.455 |        6.313 |        8.769
       2.611 |        5.944 |        8.554
       0.850 |        6.499 |        7.349
       1.262 |        6.275 |        7.536
       0.838 |        7.246 |        8.085
       2.845 |        6.960 |        9.805
       2.852 |        6.760 |        9.612
       3.568 |        6.306 |        9.873
       0.033 |        6.312 |        6.345
       0.474 |        6.299 |        6.772
       1.298 |        7.567 |        8.865
       0.013 |        6.706 |        6.719
       0.733 |        6.255 |        6.988
       0.045 |        6.000 |        6.045
       0.016 |        5.874 |        5.891
       0.145 |        6.342 |        6.488
       0.569 |        8.545 |        9.114
       1.268 |        6.187 |        7.454
       1.396 |        5.854 |        7.250
       0.693 |        6.080 |        6.773
       0.058 |        5.903 |        5.961
       0.014 |        8.775 |        8.789
       3.329 |        7.942 |       11.272
       5.204 |        6.498 |       11.702
       6.014 |        5.991 |       12.005
       0.916 |        6.197 |        7.113
       0.013 |        5.874 |        5.887
       0.016 |        6.788 |        6.804
       1.060 |        6.127 |        7.187
       1.207 |        7.485 |        8.692
       1.617 |        6.525 |        8.142
       1.869 |        6.592 |        8.461
       2.140 |        6.064 |        8.204
       4.026 |        6.039 |       10.065
       3.596 |        6.598 |       10.194
       1.136 |        5.956 |        7.093
       1.065 |        6.461 |        7.526
       0.016 |        6.905 |        6.921
       1.067 |        6.263 |        7.329
       0.669 |        5.984 |        6.653
       0.014 |        5.765 |        5.779
       0.016 |        6.083 |        6.099
       0.014 |        7.016 |        7.030
       1.362 |        7.043 |        8.404
       3.096 |        6.625 |        9.721
       0.269 |        6.458 |        6.727
       0.016 |        6.477 |        6.493
       1.410 |        6.564 |        7.975
       0.016 |        6.423 |        6.439
       0.014 |        6.357 |        6.371
       0.014 |        6.439 |        6.453
       1.229 |        6.916 |        8.145
       0.014 |        6.718 |        6.731
       0.349 |        6.429 |        6.778
       1.231 |        6.152 |        7.383
       0.014 |        7.683 |        7.698
       1.175 |        7.379 |        8.554
       2.966 |        7.630 |       10.596
       5.100 |        6.181 |       11.280
       5.554 |        6.887 |       12.441
       0.113 |        6.039 |        6.152
       0.016 |        6.188 |        6.204
       0.014 |        6.075 |        6.089
       0.016 |        6.127 |        6.143
       0.015 |        6.937 |        6.952
       1.638 |        6.857 |        8.495
       0.623 |        6.264 |        6.887
       0.990 |        6.755 |        7.746
       0.014 |        6.314 |        6.328
       0.015 |        6.787 |        6.802
       2.538 |        6.366 |        8.904
       0.016 |        7.922 |        7.938
       0.906 |        6.753 |        7.659
       0.014 |        7.408 |        7.422
       0.082 |        8.889 |        8.971
       0.550 |        6.273 |        6.824
       0.013 |        7.118 |        7.131
       0.016 |        6.189 |        6.205
       0.014 |        6.136 |        6.150
       0.415 |        6.648 |        7.063
       1.850 |        6.133 |        7.983
       0.014 |        6.796 |        6.811
       0.097 |        5.742 |        5.839
       0.179 |        6.310 |        6.488
       0.691 |        6.410 |        7.101
       0.185 |        8.878 |        9.063
       2.604 |        6.322 |        8.926
       0.706 |        5.938 |        6.644
       0.014 |        6.593 |        6.607
       0.016 |        8.357 |        8.373
       3.048 |        7.831 |       10.879
       5.012 |        7.436 |       12.448
       2.414 |        8.254 |       10.667
      10.399 |        7.864 |       18.263
      12.266 |        6.151 |       18.417
      13.168 |        6.523 |       19.691
       5.700 |        6.073 |       11.773
       2.521 |        6.130 |        8.650
       3.444 |        7.181 |       10.624
       2.956 |        6.369 |        9.325
       3.334 |        6.234 |        9.568
       3.529 |        6.415 |        9.944
       0.394 |        8.451 |        8.845
       0.091 |        5.982 |        6.072
       0.623 |        5.973 |        6.596
       0.576 |        6.663 |        7.239
       1.700 |        6.127 |        7.827
       0.013 |        7.386 |        7.398
       0.014 |        6.217 |        6.230
       1.385 |        6.338 |        7.723
       0.002 |        6.157 |        6.159
       0.014 |        6.075 |        6.088
       0.014 |        6.232 |        6.245
       0.805 |        7.586 |        8.391
       1.000 |        6.833 |        7.834
       1.415 |        6.498 |        7.912
       2.071 |        6.117 |        8.189
       2.517 |        7.391 |        9.907
       2.732 |        6.186 |        8.918
       2.327 |        6.830 |        9.157
       3.295 |        6.558 |        9.853
       9.678 |        8.456 |       18.134
      11.474 |        8.686 |       20.160
      14.088 |        6.237 |       20.326
      13.954 |        6.338 |       20.292
       0.344 |        6.224 |        6.569
       0.015 |        5.991 |        6.006
       0.016 |        7.069 |        7.085
       0.016 |        6.284 |        6.300
       0.014 |        7.471 |        7.485
       1.807 |        6.252 |        8.059
       1.980 |        6.763 |        8.743
       3.231 |        6.637 |        9.868
       2.744 |        6.249 |        8.993
